8,0,2.16902
0.001,56.377379
8,180,2.140312
0.001,27.559478
8,180,2.154198
0.001,119.589969
8,180,2.155658
0.001,42.360624
8,180,2.160967
0.001,46.963285
8,180,2.162854
0.001,42.185073
8,180,2.171188
0.001,50.682918
8,180,2.169281
0.001,42.528435
8,181,2.171558
0.001,112.267793
8,181,2.159316
0.001,41.372639
8,181,2.161114
0.001,42.841102
8,182,2.160304
0.001,41.021191
8,181,2.163747
0.001,41.291208
8,181,2.164631
0.001,42.52622
8,182,2.161982
0.001,41.810152
8,181,2.164675
0.001,43.486319
8,181,2.165536
0.001,42.162286
8,182,2.163733
0.001,42.428821
8,182,2.165478
0.001,59.973688
