8,0,196029.043844
0.001,200273.615453
8,49040,173924.765411
0.001,178057.250683
8,56831,152619.898991
0.001,156577.171762
8,15000,308.453535
0.001,573.709121
8,7544,301.550245
0.001,566.185645
8,8743,318.155318
0.001,566.344723
8,9941,311.49232
0.001,579.496968
8,11586,286.548527
0.001,549.551191
8,12339,316.196459
0.001,571.704214
8,13537,273.557145
0.001,575.098857
8,15325,248.966632
0.001,585.956307
8,15934,352.303969
0.001,590.249072
8,17133,367.760683
0.001,591.992994
8,18331,323.552776
0.001,598.066222
8,20311,346.00767
0.001,587.154875
8,20729,139.571235
0.001,593.97893
8,21927,170.5402
0.001,607.343159
8,23126,235.040362
0.001,660.49082
8,24324,241.259313
0.001,629.802031
8,25523,221.61581
0.001,658.227507
8,26721,265.90713
0.001,599.672483
8,27920,249.202674
0.001,648.699562
8,29119,282.950243
0.001,611.332884
8,30317,303.315987
0.001,978.531263
8,31516,281.121485
0.001,629.975785
8,32714,403.982788
0.001,1008.299347
8,33913,342.273639
0.001,968.449605
8,35112,361.228616
0.001,731.335016
8,36310,461.875742
0.001,1050.368498
8,37509,498.675441
0.001,1088.732392
8,38707,619.498201
0.001,1080.788367
8,39906,797.718299
0.001,1115.086864
8,39582,1298.005465
0.001,2116.720684
8,42303,1715.856404
0.001,2602.122581
64,6875,185.734914
0.001,647.281326
64,7544,308.890464
0.001,742.844497
64,8743,351.906446
0.001,712.698794
64,9941,358.583941
0.001,683.460669
64,10727,1018.508283
0.001,1689.40164
64,11457,1895.51383
0.001,3248.988065
64,12137,4653.565739
0.001,6290.592341
64,13211,7605.974361
0.001,9979.085399
64,12947,13037.818804
0.001,16168.697171
64,13101,20887.457248
0.001,24455.268991
64,13239,31141.410455
0.001,35154.759444
64,13020,43841.088429
0.001,48512.564126
64,12832,58928.351349
0.001,64370.92537
64,12957,76389.983733
0.001,82231.348057
64,13071,96221.038215
0.001,102641.607352
64,12907,118426.229523
0.001,125505.151042
64,13011,143112.580355
0.001,150876.532157
64,12866,170145.153488
0.001,178789.335346
64,12963,199929.30776
0.001,208854.188098
64,12832,231049.094222
0.001,240808.702099
64,12922,265293.521501
0.001,275693.701417
64,13006,301954.026975
0.001,312645.960364
64,13085,340862.149796
0.001,352092.04477
64,12966,382379.371106
0.001,394251.98947
64,13041,425356.340576
0.001,437846.99221
64,12932,471645.121968
0.001,484802.646196
64,13003,520373.210288
0.001,534327.40589
64,13070,571522.013954
0.001,586007.146186
64,12969,625093.702344
0.001,640039.340611
64,13033,680975.474874
0.001,696691.145248
64,13093,739165.682343
0.001,755181.013903
512,1964,750063.407877
0.001,750786.414789
512,1961,748086.094402
0.001,749615.097417
512,1959,749538.676569
0.001,751792.869202
512,1958,755880.986309
0.001,759406.885708
512,1956,766442.898416
0.001,770948.574512
512,1955,780718.164776
0.001,786299.030155
512,1955,798136.508022
0.001,804710.543579
512,1954,820383.483932
0.001,827966.652029
512,1953,846551.716024
0.001,854779.562827
512,1953,876857.13081
0.001,886205.830124
512,1952,911080.029562
0.001,921270.166648
512,1923,949573.685315
0.001,961177.308045
512,1952,991833.33379
0.001,1004299.075646
512,1951,1038410.994594
0.001,1052118.589676
512,1951,1088139.585171
0.001,1102724.491667
512,1951,1142533.989685
0.001,1157725.837006
512,1951,1201079.802367
0.001,1217512.89777
512,1951,1263485.531285
0.001,1281151.972254
512,1950,1330095.685993
0.001,1348503.08015
512,1950,1400589.445502
0.001,1419805.188461
512,1950,1475026.360779
0.001,1495254.173908
512,1932,1553796.194961
0.001,1575052.806711
512,1950,1636413.901155
0.001,1658540.530175
512,1933,1722937.6937
0.001,1746462.125746
512,1933,1813712.838923
0.001,1838228.945535
512,1950,1907224.048023
0.001,1932384.395343
512,1949,2005536.596218
0.001,2032056.810491
512,1949,2107949.661848
0.001,2135283.699988
512,1949,2214454.694679
0.001,2242682.333777
512,1949,2324984.742798
0.001,2354040.865062
512,1949,2437630.732634
0.001,2467902.497098
4096,16500,2447647.789443
0.001,2452551.374778
4096,32065,2320817.142723
0.001,2325638.44396
4096,35178,2295571.991989
0.001,2300358.521502
4096,38291,2269390.170619
0.001,2274166.971325
4096,41404,2244265.379973
0.001,2249020.208911
4096,44517,2219009.015702
0.001,2223741.943152
4096,47630,2194035.492088
0.001,2198747.525929
4096,50743,2169130.073317
0.001,2173834.524052
4096,53856,2144330.904155
0.001,2148989.562111
4096,56969,2119593.970507
0.001,2124268.759931
4096,60082,2094754.604126
0.001,2099420.17796
4096,63195,2069728.868161
0.001,2074355.708117
4096,66308,2045140.26849
0.001,2049752.547078
4096,34710,2020549.102029
0.001,2025076.882584
4096,36267,1996111.322226
0.001,2000670.993262
4096,37823,1971738.531638
0.001,1976300.03186
4096,39380,1947455.726901
0.001,1951964.020204
4096,40936,1923144.409139
0.001,1927660.474753
4096,42493,1898666.979504
0.001,1903170.246635
4096,44049,1874352.717122
0.001,1878809.968021
4096,45606,1850226.261805
0.001,1854688.354056
4096,47162,1825853.648695
0.001,1830321.25096
4096,48719,1800956.26365
0.001,1805397.498488
4096,50275,1776905.248797
0.001,1781336.473408
4096,51832,1752833.705566
0.001,1757264.266433
4096,35592,1727850.333528
0.001,1732225.242356
4096,36630,1703907.010884
0.001,1708296.080806
32678,4114,1475002.314591
0.001,1479818.754091
32678,4422,1449842.843635
0.001,1454644.497423
32678,4730,1424725.36029
0.001,1429516.047337
32678,5038,1399500.60044
0.001,1404280.760148
32678,5346,1374514.885441
0.001,1379282.828567
32678,5654,1349486.943822
0.001,1354229.696092
32678,5962,1324596.459934
0.001,1329342.728883
32678,6270,1299669.403038
0.001,1304405.860769
32678,6578,1274862.895595
0.001,1279580.661943
32678,6886,1248296.289969
0.001,1253007.594185
32678,7194,1223547.822136
0.001,1228228.993427
32678,7502,1197938.643987
0.001,1202614.143597
32678,7810,1172341.306943
0.001,1177009.031207
32678,8118,1147845.227583
0.001,1152478.635782
32678,8426,1123347.677471
0.001,1127969.226418
32678,8734,1099003.914654
0.001,1103627.677459
32678,9042,1074723.896496
0.001,1079324.78594
32678,9350,1050346.962484
0.001,1054934.260294
32678,4829,1026157.355963
0.001,1030737.292484
32678,4983,1001962.418509
0.001,1006536.237169
32678,5137,977881.890846
0.001,982427.871788
32678,5291,953787.702074
0.001,958300.162594
32678,5445,929662.488494
0.001,934167.335653
