8,0,27.461469
0.001,78.79825
8,5652,32.176267
0.001,88.553152
8,5752,13.498169
0.001,34.858126
8,6674,18.854346
0.001,57.292597
8,8935,24.292088
0.001,71.567216
8,8310,19.683985
0.001,52.401648
8,9205,16.919889
0.001,63.071074
8,10134,14.088707
0.001,38.459853
8,12501,20.227016
0.001,63.904535
8,13797,20.6704
0.001,89.982627
8,37942,17.283095
0.001,54.612948
8,42201,22.678415
0.001,69.983923
8,17374,18.265281
0.001,55.241181
8,19396,21.477102
0.001,92.039213
8,19899,20.113374
0.001,67.17987
8,21915,20.719517
0.001,474.683795
8,22473,20.74783
0.001,84.987067
8,24169,21.506429
0.001,54.79434
8,54742,24.942364
0.001,84.327729
8,25301,18.12466
0.001,61.792939
8,27429,19.606217
0.001,75.927237
8,28869,19.520357
0.001,89.625767
8,43828,22.980606
0.001,128.718736
8,29954,14.822904
0.001,62.654374
8,32339,21.969379
0.001,126.197587
8,31547,14.297066
0.001,45.936244
8,33007,18.715577
0.001,109.230579
64,4443,12.300152
0.001,25.133057
64,6255,24.131891
0.001,68.761602
64,7416,22.443427
0.001,59.151892
64,8389,22.690612
0.001,60.209055
64,9250,21.267247
0.001,60.668488
64,9330,13.260054
0.001,37.800854
64,29348,19.671109
0.001,46.17104
64,16823,17.237548
0.001,51.645868
64,15622,19.079702
0.001,89.553856
64,14515,19.962373
0.001,55.576117
64,16408,19.230007
0.001,51.780268
64,17178,16.467923
0.001,44.671111
64,18316,18.458255
0.001,48.024754
64,17532,12.749548
0.001,41.668732
64,17743,14.62745
0.001,31.729033
64,18464,12.728549
0.001,31.563327
64,22196,18.031999
0.001,71.941062
64,55616,20.799813
0.001,74.442768
64,24896,17.17049
0.001,58.138857
64,26066,22.587726
0.001,80.870705
64,24742,13.073896
0.001,36.303686
64,26905,19.064667
0.001,59.956853
64,27183,18.785995
0.001,115.231065
64,29322,18.242263
0.001,56.668317
64,29485,22.366396
0.001,100.691469
64,31086,20.501286
0.001,91.629387
64,32739,20.302134
0.001,56.483244
64,32051,19.074246
0.001,83.060088
64,34365,21.318054
0.001,85.894259
8,0,279067.230226
0.001,283238.237313
8,49040,256993.72471
0.001,261100.151457
8,56831,235620.061577
0.001,239573.408697
8,51697,214905.429029
0.001,218621.392871
8,48275,194877.347247
0.001,198545.331526
8,53469,175520.283963
0.001,179159.432067
8,50282,156793.159751
0.001,160114.783324
8,47892,138709.635777
0.001,142073.264527
8,46033,121315.512256
0.001,124565.793594
8,49496,103627.157363
0.001,106654.906022
8,47663,87572.270036
0.001,90628.552271
8,50779,72116.155484
0.001,74671.624581
8,48996,57370.113378
0.001,60150.719684
8,47509,42296.312162
0.001,44736.265785
8,50106,28850.830208
0.001,31207.498511
8,48649,16118.143102
0.001,18228.050597
8,47400,3988.867533
0.001,6220.424182
8,28948,231.487345
0.001,640.48733
8,27920,264.33494
0.001,685.873723
8,29119,332.934036
0.001,755.398253
8,30317,301.26201
0.001,962.954743
8,31516,325.625778
0.001,664.582004
8,32714,337.638374
0.001,999.126468
8,33913,314.765251
0.001,980.909953
8,35112,361.058534
0.001,1001.631075
8,34965,470.379017
0.001,1042.771751
8,37509,505.845315
0.001,1036.961605
8,38707,531.188802
0.001,1073.233027
8,39906,784.804758
0.001,1118.866534
8,39582,1256.629078
0.001,2094.431924
8,42303,1742.817476
0.001,2617.589035
64,6875,229.735996
0.001,703.090956
64,7544,314.931807
0.001,729.741749
64,8743,309.836233
0.001,665.193903
64,9941,293.781028
0.001,990.454595
64,10727,963.441122
0.001,1640.240359
64,11457,3209.489523
0.001,4218.801158
64,12570,4639.089139
0.001,6243.516768
64,13211,7649.245415
0.001,10025.704156
64,12947,13163.43187
0.001,16301.670778
64,13101,20067.559003
0.001,23606.708031
64,13239,30326.495371
0.001,34412.365623
64,13020,42106.631465
0.001,46778.275009
64,12832,57099.760483
0.001,62561.141421
64,12957,74474.697759
0.001,80402.5952
64,13071,94229.797874
0.001,100665.726865
64,12907,116372.880647
0.001,123437.075872
64,13011,141059.535521
0.001,148888.920447
64,12866,168268.619184
0.001,176909.167075
64,12963,198067.228786
0.001,207285.933556
64,13053,229975.022194
0.001,239684.053488
64,12922,264371.32863
0.001,274681.452751
64,13006,300151.99357
0.001,310873.581333
64,12887,339213.97144
0.001,350803.827839
64,12966,380627.724921
0.001,392845.103151
64,13041,424567.231855
0.001,437281.751252
