8,0,0.0
0.001,0.0
8,0,13.558545
0.001,29.115559
8,8743,8.697808
0.001,19.415117
8,9941,10.365465
0.001,30.239481
8,11140,13.372192
0.001,52.056321
8,12339,12.735916
0.001,31.028781
8,13036,14.505072
0.001,46.421671
8,14736,14.909963
0.001,58.911619
8,15934,17.338933
0.001,39.110313
8,17133,18.812059
0.001,43.290894
8,18331,18.441702
0.001,45.245001
8,19530,20.552941
0.001,57.604915
8,20729,23.803998
0.001,54.732381
8,21927,21.672011
0.001,46.965157
8,23126,20.70952
0.001,52.789615
8,24324,26.538832
0.001,65.016801
8,25523,27.575574
0.001,83.925536
8,26721,27.13746
0.001,71.728649
8,27920,30.855282
0.001,89.00436
8,29119,30.435301
0.001,79.992074
8,30317,32.242346
0.001,68.007359
8,31516,30.896224
0.001,76.386759
8,32714,33.352727
0.001,105.062238
8,33913,32.151938
0.001,87.675632
8,35112,31.079036
0.001,70.050063
8,36310,39.451074
0.001,83.874874
8,37509,38.314244
0.001,78.114861
8,37274,41.528172
0.001,120.726899
8,38428,35.356354
0.001,82.925903
8,41104,42.621696
0.001,121.536951
8,42303,41.571402
0.001,119.243192
64,6600,7.102868
0.001,14.25728
64,7544,10.46363
0.001,21.256494
64,8743,9.039348
0.001,22.629476
64,9941,9.843472
0.001,24.370148
64,11140,12.442906
0.001,32.305368
64,12339,13.183396
0.001,31.417703
64,13537,13.658262
0.001,39.123893
64,14736,14.96896
0.001,40.152331
64,15934,17.550864
0.001,61.763702
64,17133,19.909419
0.001,51.113884
64,17652,26.542907
0.001,54.491504
64,19530,28.449622
0.001,79.733813
64,19961,19.849286
0.001,51.737079
64,21115,26.255173
0.001,74.76764
64,23126,20.804376
0.001,70.328856
64,24324,22.393385
0.001,51.385257
64,25523,26.186018
0.001,65.640096
64,26721,30.961412
0.001,67.587695
64,27920,27.652132
0.001,73.646987
64,29119,31.261828
0.001,73.511396
64,30317,29.013613
0.001,67.248318
64,31516,37.150314
0.001,84.514517
64,32714,40.533055
0.001,88.7705
64,33913,38.621191
0.001,99.009721
64,35112,36.312346
0.001,98.185605
64,36310,35.831983
0.001,87.635023
64,37509,34.679124
0.001,87.94464
64,38707,34.598213
0.001,85.284346
64,39906,51.449778
0.001,130.535424
64,41104,38.470572
0.001,123.440053
64,42303,40.750927
0.001,99.065544
512,1650,5.584832
0.001,28.401951
512,1886,4.65551
0.001,8.127662
512,2185,4.891254
0.001,9.648992
512,2485,5.707672
0.001,12.922334
512,2784,6.42703
0.001,12.310811
512,3084,6.592303
0.001,13.745566
512,3383,6.35592
0.001,11.823096
512,3683,6.843611
0.001,12.503277
512,3982,7.05039
0.001,15.31155
512,4282,7.715651
0.001,16.668966
512,4581,10.028405
0.001,27.435381
512,4881,10.604113
0.001,31.193617
512,5181,10.353318
0.001,25.878895
512,5480,10.211019
0.001,19.609352
512,5780,11.421297
0.001,27.265358
512,6079,10.24823
0.001,24.950321
512,6379,10.516416
0.001,25.409097
512,6678,12.755952
0.001,40.974109
512,6978,11.514481
0.001,28.131065
512,7277,17.481253
0.001,63.989085
512,7577,23.848513
0.001,68.75493
512,7876,11.179728
0.001,30.407938
512,8176,13.324517
0.001,32.385922
512,8475,14.706763
0.001,40.99653
512,8775,14.247206
0.001,28.847646
512,9075,18.426764
0.001,63.440082
512,9374,14.171927
0.001,33.713652
512,9674,16.45033
0.001,34.771418
512,9973,18.599382
0.001,44.810342
512,10273,17.437651
0.001,43.508695
512,10572,16.994785
0.001,34.297488
4096,634,6.551669
0.001,12.544938
4096,754,11.800404
0.001,34.910746
4096,874,10.981473
0.001,34.972237
4096,993,9.163429
0.001,18.432645
4096,1113,9.221843
0.001,20.581531
4096,1233,12.292812
0.001,41.921965
4096,1353,12.024332
0.001,27.372282
4096,1472,12.136275
0.001,26.237666
4096,1592,14.574651
0.001,32.876536
4096,1712,15.427936
0.001,35.248962
4096,1831,19.74228
0.001,65.751721
4096,1951,17.617227
0.001,47.765989
4096,2071,16.963897
0.001,37.165784
4096,2191,17.370504
0.001,35.507165
4096,2310,18.774202
0.001,37.683695
4096,2430,23.138999
0.001,101.497933
4096,2550,41.773328
0.001,131.392283
4096,2670,29.193194
0.001,62.967612
4096,2686,28.392889
0.001,71.273073
4096,2701,23.114532
0.001,52.364166
4096,3029,22.302448
0.001,46.967445
4096,3148,25.719256
0.001,86.102883
4096,3268,24.293462
0.001,52.991165
4096,3388,33.231205
0.001,120.272283
4096,3508,27.322047
0.001,100.519202
4096,3627,49.045805
0.001,116.534873
4096,3747,28.520996
0.001,89.691092
4096,3867,35.199515
0.001,91.779066
4096,3987,35.185575
0.001,90.47769
4096,4106,26.788329
0.001,85.134165
4096,4070,23.331997
0.001,54.55685
32678,66,5.436979
0.001,10.017114
32678,75,6.742155
0.001,17.346236
32678,87,7.722175
0.001,21.090809
32678,99,7.734021
0.001,18.599263
32678,110,8.02721
0.001,14.220303
32678,122,8.190738
0.001,15.565317
32678,134,8.349586
0.001,15.754892
32678,146,10.813691
0.001,47.128097
32678,158,9.78776
0.001,18.257367
32678,170,12.155272
0.001,46.988275
32678,181,12.919615
0.001,61.682256
32678,193,12.355833
0.001,28.472513
32678,205,15.473401
0.001,34.692841
32678,209,15.386985
0.001,30.196885
32678,229,13.148008
0.001,28.277268
32678,241,13.458845
0.001,27.154251
32678,253,13.960057
0.001,29.116028
32678,264,18.586676
0.001,68.501136
32678,276,15.285332
0.001,29.893533
32678,288,20.238403
0.001,73.153159
32678,312,16.51853
0.001,32.738057
32678,312,16.979753
0.001,35.747286
32678,324,19.608757
0.001,50.865812
32678,335,17.988528
0.001,41.153594
32678,347,26.443833
0.001,84.546982
32678,359,24.848185
0.001,83.723553
32678,386,24.830014
0.001,103.836917
32678,383,20.642827
0.001,43.828851
32678,395,24.730483
0.001,81.749004
32678,407,21.054449
0.001,42.688357
32678,418,39.598495
0.001,123.890174
