8,0,9.457344
0.001,28.137137
8,7544,8.801659
0.001,21.968633
8,8743,10.094421
0.001,28.833536
8,9573,17.287892
0.001,35.26374
8,11140,12.999683
0.001,31.500868
8,12339,15.669365
0.001,34.138482
8,13537,14.783406
0.001,32.882877
8,14736,13.993763
0.001,44.282005
8,15934,22.464432
0.001,78.764229
8,17133,18.340755
0.001,54.726153
8,18331,21.159578
0.001,53.05167
8,19530,22.485476
0.001,55.646174
8,20729,18.008194
0.001,42.623598
8,21927,21.762409
0.001,53.408201
8,23126,25.49209
0.001,57.344348
8,24324,23.048655
0.001,62.640088
8,25523,22.976203
0.001,52.622765
8,26721,23.774108
0.001,57.144492
8,26886,28.749314
0.001,75.385463
8,28040,22.700556
0.001,63.96623
8,30317,25.334026
0.001,74.605486
8,31516,30.115772
0.001,79.291164
8,32714,24.060901
0.001,58.8344
8,33913,31.353413
0.001,91.083486
8,35112,34.705509
0.001,80.401995
8,36310,31.86858
0.001,74.042801
8,37509,30.650462
0.001,77.342508
8,38707,42.185526
0.001,121.319902
8,39906,34.65987
0.001,77.798129
8,41104,40.270973
0.001,115.657312
8,42303,36.465755
0.001,89.485609
64,6346,8.066744
0.001,14.863374
64,7265,9.259469
0.001,39.3606
64,8743,9.080004
0.001,23.45674
64,9941,12.656115
0.001,27.133648
64,10727,13.184564
0.001,32.689634
64,12339,12.346199
0.001,26.391649
64,13537,13.855091
0.001,36.933544
64,14736,16.949629
0.001,44.190407
64,15934,18.263766
0.001,50.104939
64,17133,17.567592
0.001,50.009955
64,18331,19.420892
0.001,50.471784
64,19530,20.037869
0.001,37.322943
64,20729,28.31857
0.001,98.940983
64,21927,25.107682
0.001,71.817309
64,23126,23.146082
0.001,61.480068
64,24324,27.790773
0.001,67.813048
64,25523,29.080677
0.001,67.341743
64,26721,25.837793
0.001,76.190298
64,27920,31.254235
0.001,69.773925
64,29119,26.186329
0.001,68.11619
64,30317,32.224676
0.001,76.701532
64,31516,31.137719
0.001,71.991509
64,32714,31.331681
0.001,79.115509
64,33913,34.875042
0.001,80.115284
64,35112,42.297838
0.001,108.501057
64,36310,34.053887
0.001,85.953148
64,37509,37.376442
0.001,93.948232
64,38707,33.450618
0.001,72.706846
64,39906,39.248013
0.001,112.679618
64,41104,40.499167
0.001,87.954075
64,42303,29.859085
0.001,75.566026
