8,0,27.461469
0.001,78.79825
8,5652,32.176267
0.001,88.553152
8,5752,13.498169
0.001,34.858126
8,6674,18.854346
0.001,57.292597
8,8935,24.292088
0.001,71.567216
8,8310,19.683985
0.001,52.401648
8,9205,16.919889
0.001,63.071074
8,10134,14.088707
0.001,38.459853
8,12501,20.227016
0.001,63.904535
8,13797,20.6704
0.001,89.982627
8,37942,17.283095
0.001,54.612948
8,42201,22.678415
0.001,69.983923
8,17374,18.265281
0.001,55.241181
8,19396,21.477102
0.001,92.039213
8,19899,20.113374
0.001,67.17987
8,21915,20.719517
0.001,474.683795
8,22473,20.74783
0.001,84.987067
8,24169,21.506429
0.001,54.79434
8,54742,24.942364
0.001,84.327729
8,25301,18.12466
0.001,61.792939
8,27429,19.606217
0.001,75.927237
8,28869,19.520357
0.001,89.625767
8,43828,22.980606
0.001,128.718736
8,29954,14.822904
0.001,62.654374
8,32339,21.969379
0.001,126.197587
8,31547,14.297066
0.001,45.936244
8,33007,18.715577
0.001,109.230579
64,4443,12.300152
0.001,25.133057
64,6255,24.131891
0.001,68.761602
64,7416,22.443427
0.001,59.151892
64,8389,22.690612
0.001,60.209055
64,9250,21.267247
0.001,60.668488
64,9330,13.260054
0.001,37.800854
64,29348,19.671109
0.001,46.17104
64,16823,17.237548
0.001,51.645868
64,15622,19.079702
0.001,89.553856
64,14515,19.962373
0.001,55.576117
64,16408,19.230007
0.001,51.780268
64,17178,16.467923
0.001,44.671111
64,18316,18.458255
0.001,48.024754
64,17532,12.749548
0.001,41.668732
64,17743,14.62745
0.001,31.729033
64,18464,12.728549
0.001,31.563327
64,22196,18.031999
0.001,71.941062
64,55616,20.799813
0.001,74.442768
64,24896,17.17049
0.001,58.138857
64,26066,22.587726
0.001,80.870705
64,24742,13.073896
0.001,36.303686
64,26905,19.064667
0.001,59.956853
64,27183,18.785995
0.001,115.231065
64,29322,18.242263
0.001,56.668317
64,29485,22.366396
0.001,100.691469
64,31086,20.501286
0.001,91.629387
64,32739,20.302134
0.001,56.483244
64,32051,19.074246
0.001,83.060088
64,34365,21.318054
0.001,85.894259
