8,0,18.990944
0.001,47.052929
8,5051,17.282102
0.001,43.373026
8,5976,15.998571
0.001,41.09735
8,6452,19.358898
0.001,58.564803
8,7559,14.219887
0.001,39.515067
8,8347,13.524912
0.001,38.423498
8,27211,15.820548
0.001,54.419914
8,12135,17.052266
0.001,44.918814
8,13243,14.034214
0.001,36.277254
8,14167,14.846674
0.001,40.299442
8,40092,15.423003
0.001,45.45322
8,17446,13.950857
0.001,33.642568
8,19047,13.729263
0.001,35.422861
8,19717,13.663474
0.001,52.361026
8,21072,14.747382
0.001,44.366494
8,22153,14.684159
0.001,47.123538
8,21265,15.435726
0.001,435.174661
8,23265,15.866239
0.001,46.824819
8,25015,14.147118
0.001,37.631131
8,26178,15.301603
0.001,47.906858
8,26845,17.737999
0.001,53.585584
8,26451,15.165218
0.001,46.331239
8,27655,16.563277
0.001,50.64413
8,29150,14.640767
0.001,47.775025
8,31182,14.090505
0.001,59.005907
8,77596,18.383826
0.001,65.636129
8,33592,13.983555
0.001,54.013412
64,14369,13.485901
0.001,27.540737
64,6857,13.565309
0.001,33.200099
64,7259,11.456133
0.001,30.320101
64,8855,12.536197
0.001,29.605935
64,24678,12.660326
0.001,27.360719
64,10833,13.774883
0.001,32.891025
64,12086,14.437723
0.001,44.16625
64,34856,12.89131
0.001,28.88442
64,15859,12.409127
0.001,44.527837
64,15469,13.452558
0.001,35.824633
64,44235,13.903643
0.001,70.159943
64,18474,12.787572
0.001,40.367042
64,20430,13.861322
0.001,36.995774
64,21219,12.688818
0.001,35.513704
64,54947,13.503505
0.001,39.305907
64,23145,12.845262
0.001,41.269017
64,23584,14.934854
0.001,61.014989
64,24150,12.407097
0.001,47.144042
64,25614,14.593417
0.001,70.292909
64,27717,15.589061
0.001,43.236262
64,28894,15.714116
0.001,45.632045
64,28837,14.986245
0.001,52.13327
64,30735,14.183292
0.001,53.007838
64,30871,15.69764
0.001,51.636745
64,30503,14.343834
0.001,52.875918
64,32836,15.065305
0.001,55.055747
512,1239,14.468285
0.001,28.524545
512,1439,10.835293
0.001,22.832848
512,1918,11.348153
0.001,28.332579
512,2213,13.954986
0.001,25.363793
512,2281,14.732281
0.001,29.970635
512,2522,14.509248
0.001,36.12665
512,2989,14.43948
0.001,25.333418
512,4365,14.617357
0.001,36.873223
512,3533,13.835886
0.001,33.772973
512,3710,14.107663
0.001,25.894861
512,4132,15.881566
0.001,31.927647
512,4172,13.909324
0.001,28.995899
512,11560,16.150428
0.001,30.455574
512,4782,12.29498
0.001,20.901
512,5273,14.812136
0.001,33.524872
512,5490,15.636017
0.001,28.31385
512,5691,15.193755
0.001,28.387044
512,5828,14.518045
0.001,29.935385
512,6436,15.63653
0.001,31.032319
512,6373,14.966809
0.001,27.608123
512,6949,14.979522
0.001,38.892841
512,7577,17.004397
0.001,36.82887
512,18593,16.010243
0.001,37.738015
512,7964,15.978101
0.001,38.45902
512,8110,15.618104
0.001,30.577557
512,8296,15.75178
0.001,36.000724
512,9033,18.250067
0.001,34.053044
512,8649,19.909594
0.001,40.196236
4096,492,10.372094
0.001,16.178753
4096,587,13.014708
0.001,28.390737
4096,812,15.644648
0.001,27.197731
4096,2363,15.516115
0.001,26.962482
4096,1034,16.393694
0.001,30.558511
4096,1781,15.710776
0.001,30.933746
4096,1331,14.2005
0.001,26.578375
4096,3637,15.642752
0.001,34.320457
4096,1704,13.926695
0.001,28.982213
4096,1690,14.426251
0.001,30.456825
4096,1630,15.855082
0.001,31.499824
4096,3795,14.671124
0.001,26.805919
4096,1651,15.651306
0.001,25.626541
4096,1771,15.104328
0.001,27.493752
4096,5418,14.725459
0.001,35.893645
4096,2295,15.752199
0.001,29.930587
4096,5738,14.977024
0.001,28.121951
4096,5765,15.149841
0.001,28.517159
4096,7279,14.777698
0.001,31.13157
4096,2947,16.056778
0.001,31.821871
4096,3048,14.286456
0.001,27.091496
4096,3211,16.174134
0.001,46.222002
4096,3284,15.053607
0.001,32.525967
32678,61,17.217687
0.001,24.10725
32678,72,18.177357
0.001,29.082289
32678,87,18.225299
0.001,27.528855
32678,99,19.963404
0.001,30.525046
32678,106,19.443343
0.001,30.929037
32678,118,20.912916
0.001,38.36113
32678,129,18.761982
0.001,29.958134
32678,146,18.903321
0.001,28.339883
32678,158,19.66531
0.001,34.829246
32678,163,18.877852
0.001,32.706389
32678,175,19.262933
0.001,28.567958
32678,193,18.791489
0.001,31.487052
32678,205,26.203472
0.001,67.208853
32678,209,16.374844
0.001,24.660771
32678,220,17.852279
0.001,35.113187
32678,232,16.519092
0.001,27.997185
32678,253,18.938381
0.001,28.798181
32678,264,19.568937
0.001,32.112229
32678,266,19.639778
0.001,33.195231
32678,277,19.340124
0.001,30.358542
32678,289,18.463605
0.001,32.892543
32678,289,19.883434
0.001,37.004719
32678,324,20.130552
0.001,31.661287
32678,335,20.034946
0.001,29.547707
32678,334,20.419554
0.001,33.29907
32678,346,20.364261
0.001,36.194746
32678,357,22.44813
0.001,38.004031
32678,369,21.425086
0.001,30.851385
32678,395,26.829937
0.001,41.63132
32678,391,23.235474
0.001,30.988038
32678,403,23.325375
0.001,38.553769
