8,0,8385.568438
0.001,11117.153802
8,4602,10746.30379
0.001,11645.01417
8,4520,10737.923492
0.001,11720.547947
8,4569,10751.009637
0.001,11633.176418
8,4787,10809.466238
0.001,11753.987137
8,4418,10788.122186
0.001,11606.316414
8,4848,10745.172929
0.001,11626.970279
8,4706,10786.76943
0.001,11712.658969
8,4184,10830.140918
0.001,11698.717278
8,4628,10893.438652
0.001,11781.009024
8,4684,10755.99629
0.001,11605.781354
8,4616,10737.423463
0.001,11675.606456
8,4666,10908.125352
0.001,11730.07748
8,4711,10769.835809
0.001,11595.619146
8,5205,10843.296688
0.001,11616.613536
8,4539,10811.779658
0.001,11764.510557
8,4524,10800.007658
0.001,11622.277506
8,4511,10835.625514
0.001,11690.666112
8,4499,10934.241478
0.001,11844.184704
8,4488,10809.920923
0.001,11690.38158
8,5243,10815.0368
0.001,11691.900842
8,4469,10834.753689
0.001,11690.267053
8,4461,10707.468826
0.001,11570.820409
8,5227,10858.943377
0.001,11700.579359
8,5187,10791.019852
0.001,11617.571767
8,5254,10741.230852
0.001,11621.392095
8,5215,10836.400238
0.001,11697.520592
8,5178,10859.424647
0.001,11682.87026
8,5240,10869.436484
0.001,11724.256741
8,5204,10792.795019
0.001,11613.419263
8,5171,10812.903665
0.001,11665.422659
64,5000,7292.884784
0.001,7924.226375
64,4602,7236.674015
0.001,7873.317699
64,4520,7237.029875
0.001,7930.581242
64,4838,7347.486794
0.001,7948.049259
64,4787,7326.448099
0.001,7931.384192
64,4860,7242.034132
0.001,7915.066647
64,4705,7275.715107
0.001,7935.508724
64,4706,7310.772
0.001,7859.288931
64,4184,7247.149516
0.001,7921.570552
64,4628,7310.411125
0.001,7987.871819
64,4684,7268.371876
0.001,7902.256654
64,4616,7306.383851
0.001,7999.173614
64,4666,7337.152845
0.001,7971.812397
64,4607,7268.043339
0.001,7899.097332
64,5205,7302.469679
0.001,7941.628673
64,5226,7301.470507
0.001,7954.855144
64,4524,7355.923136
0.001,7925.724416
64,4406,7242.006443
0.001,7849.240168
64,4399,7350.560548
0.001,7993.597442
64,4488,7311.760016
0.001,7964.63069
64,4478,7315.799384
0.001,7880.593004
64,4469,7295.303162
0.001,7877.100683
64,4461,7311.208807
0.001,7994.31026
64,5227,7358.495459
0.001,8000.168776
64,5187,7331.368222
0.001,8014.585627
64,5254,7305.258918
0.001,7916.462454
64,5215,7307.603351
0.001,7916.663266
64,5178,7379.482932
0.001,8020.642276
64,5144,7362.631555
0.001,7968.896036
64,5204,7321.542733
0.001,7951.88313
64,5171,7293.38935
0.001,7912.850147
512,2291,174.435693
0.001,342.115724
512,1886,203.089682
0.001,413.162572
512,2185,250.044299
0.001,487.014423
512,2485,303.422626
0.001,572.375653
512,2784,309.626864
0.001,603.182376
512,3084,352.364226
0.001,663.969974
512,3383,371.017175
0.001,748.783694
512,3683,402.217939
0.001,784.744752
512,3835,434.198243
0.001,864.247218
512,4123,1033.478736
0.001,1737.83933
512,4254,2341.396921
0.001,3033.908033
512,4532,2712.279533
0.001,3060.50138
512,4373,2720.731158
0.001,3091.370806
512,4318,2718.144482
0.001,3062.334312
512,4098,2748.724219
0.001,3102.65323
512,4459,2779.007949
0.001,3059.497692
512,4377,2810.539068
0.001,3078.401602
512,4073,2781.803648
0.001,3071.268009
512,4398,2807.242493
0.001,3044.058914
512,4300,2792.881993
0.001,3103.707567
512,4621,2807.621443
0.001,3145.053332
512,4344,2822.858275
0.001,3104.101434
512,4363,2865.466578
0.001,3100.758046
512,4382,2839.745632
0.001,3087.222073
512,4399,2802.228115
0.001,3080.194862
512,4290,2811.692265
0.001,3087.606081
512,4288,2816.785931
0.001,3066.699229
512,4287,2844.388162
0.001,3083.814378
512,4286,2807.594106
0.001,3040.387761
512,4285,2845.779701
0.001,3124.67444
512,4284,2821.759048
0.001,3088.540234
4096,717,88.942852
0.001,177.211219
4096,754,99.580151
0.001,201.689195
4096,874,115.963155
0.001,244.650089
4096,993,142.408883
0.001,313.736345
4096,1113,164.247993
0.001,315.068051
4096,1233,166.839266
0.001,322.336958
4096,1353,182.95444
0.001,350.10546
4096,1472,213.792749
0.001,399.579191
4096,1592,217.153491
0.001,447.740106
4096,1712,257.680349
0.001,457.386719
4096,1831,250.310066
0.001,446.988754
4096,1951,293.205575
0.001,533.185956
4096,2071,274.919464
0.001,513.94936
4096,2191,296.17698
0.001,519.716406
4096,2310,313.655565
0.001,580.11023
4096,2430,311.650151
0.001,577.712351
4096,2550,336.603136
0.001,591.692268
4096,2670,334.550494
0.001,621.162343
4096,2789,338.622375
0.001,607.005598
4096,2909,369.239861
0.001,634.196795
4096,3029,355.958165
0.001,639.688922
4096,3148,378.123657
0.001,740.775621
4096,3268,366.01024
0.001,627.628551
4096,3388,387.25586
0.001,651.211106
4096,3508,413.321827
0.001,653.062385
4096,3368,494.189437
0.001,643.150803
4096,3479,532.120838
0.001,644.292894
4096,3591,531.445624
0.001,625.533625
4096,3574,546.946067
0.001,669.990952
4096,3559,534.100129
0.001,627.481997
4096,3567,541.323765
0.001,648.151388
32678,660,83.672185
0.001,144.349707
32678,754,102.529149
0.001,163.49126
32678,874,98.725279
0.001,163.958018
32678,993,112.831339
0.001,187.149398
32678,1113,109.402723
0.001,197.859729
32678,1233,114.202112
0.001,183.279585
32678,1353,119.653724
0.001,193.931429
32678,1472,127.089874
0.001,204.498534
32678,1533,127.843822
0.001,194.562853
32678,1648,135.851927
0.001,218.331356
32678,1764,132.559924
0.001,221.995362
32678,1879,143.049056
0.001,224.763785
32678,1994,145.980616
0.001,231.638167
32678,2109,136.663579
0.001,254.361263
32678,2225,140.318897
0.001,229.992713
32678,2340,140.304956
0.001,229.214908
32678,2455,138.266463
0.001,210.257386
32678,2571,139.579531
0.001,231.269257
32678,2686,135.723279
0.001,215.808661
32678,2701,148.686925
0.001,234.122764
32678,2812,142.019031
0.001,211.595379
32678,2729,150.920409
0.001,245.28495
32678,2759,146.876667
0.001,233.017534
32678,2761,152.135117
0.001,262.534389
32678,2764,152.064604
0.001,263.916798
32678,2572,155.288274
0.001,225.830996
32678,2749,153.991841
0.001,240.904587
32678,2742,149.500882
0.001,233.825694
32678,2827,149.651151
0.001,245.819587
32678,2818,150.233217
0.001,225.114607
32678,2755,152.885604
0.001,245.93076
