8,0,27.461469
0.001,78.79825
8,5652,32.176267
0.001,88.553152
8,5752,13.498169
0.001,34.858126
8,6674,18.854346
0.001,57.292597
8,8935,24.292088
0.001,71.567216
8,8310,19.683985
0.001,52.401648
8,9205,16.919889
0.001,63.071074
8,10134,14.088707
0.001,38.459853
8,12501,20.227016
0.001,63.904535
8,13797,20.6704
0.001,89.982627
8,37942,17.283095
0.001,54.612948
8,42201,22.678415
0.001,69.983923
8,17374,18.265281
0.001,55.241181
8,19396,21.477102
0.001,92.039213
8,19899,20.113374
0.001,67.17987
8,21915,20.719517
0.001,474.683795
8,22473,20.74783
0.001,84.987067
8,24169,21.506429
0.001,54.79434
8,54742,24.942364
0.001,84.327729
8,25301,18.12466
0.001,61.792939
8,27429,19.606217
0.001,75.927237
8,28869,19.520357
0.001,89.625767
8,43828,22.980606
0.001,128.718736
8,29954,14.822904
0.001,62.654374
8,32339,21.969379
0.001,126.197587
8,31547,14.297066
0.001,45.936244
8,33007,18.715577
0.001,109.230579
64,4443,12.300152
0.001,25.133057
64,6255,24.131891
0.001,68.761602
64,7416,22.443427
0.001,59.151892
64,8389,22.690612
0.001,60.209055
64,9250,21.267247
0.001,60.668488
64,9330,13.260054
0.001,37.800854
64,29348,19.671109
0.001,46.17104
64,16823,17.237548
0.001,51.645868
64,15622,19.079702
0.001,89.553856
64,14515,19.962373
0.001,55.576117
64,16408,19.230007
0.001,51.780268
64,17178,16.467923
0.001,44.671111
64,18316,18.458255
0.001,48.024754
64,17532,12.749548
0.001,41.668732
64,17743,14.62745
0.001,31.729033
64,18464,12.728549
0.001,31.563327
64,22196,18.031999
0.001,71.941062
64,55616,20.799813
0.001,74.442768
64,24896,17.17049
0.001,58.138857
64,26066,22.587726
0.001,80.870705
64,24742,13.073896
0.001,36.303686
64,26905,19.064667
0.001,59.956853
64,27183,18.785995
0.001,115.231065
64,29322,18.242263
0.001,56.668317
64,29485,22.366396
0.001,100.691469
64,31086,20.501286
0.001,91.629387
64,32739,20.302134
0.001,56.483244
64,32051,19.074246
0.001,83.060088
64,34365,21.318054
0.001,85.894259
8,0,279067.230226
0.001,283238.237313
8,49040,256993.72471
0.001,261100.151457
8,56831,235620.061577
0.001,239573.408697
8,51697,214905.429029
0.001,218621.392871
8,48275,194877.347247
0.001,198545.331526
8,53469,175520.283963
0.001,179159.432067
8,50282,156793.159751
0.001,160114.783324
8,47892,138709.635777
0.001,142073.264527
8,46033,121315.512256
0.001,124565.793594
8,49496,103627.157363
0.001,106654.906022
8,47663,87572.270036
0.001,90628.552271
8,50779,72116.155484
0.001,74671.624581
8,48996,57370.113378
0.001,60150.719684
8,47509,42296.312162
0.001,44736.265785
8,50106,28850.830208
0.001,31207.498511
8,48649,16118.143102
0.001,18228.050597
8,47400,3988.867533
0.001,6220.424182
8,28948,231.487345
0.001,640.48733
8,27920,264.33494
0.001,685.873723
8,29119,332.934036
0.001,755.398253
8,30317,301.26201
0.001,962.954743
8,31516,325.625778
0.001,664.582004
8,32714,337.638374
0.001,999.126468
8,33913,314.765251
0.001,980.909953
8,35112,361.058534
0.001,1001.631075
8,34965,470.379017
0.001,1042.771751
8,37509,505.845315
0.001,1036.961605
8,38707,531.188802
0.001,1073.233027
8,39906,784.804758
0.001,1118.866534
8,39582,1256.629078
0.001,2094.431924
8,42303,1742.817476
0.001,2617.589035
64,6875,229.735996
0.001,703.090956
64,7544,314.931807
0.001,729.741749
64,8743,309.836233
0.001,665.193903
64,9941,293.781028
0.001,990.454595
64,10727,963.441122
0.001,1640.240359
64,11457,3209.489523
0.001,4218.801158
64,12570,4639.089139
0.001,6243.516768
64,13211,7649.245415
0.001,10025.704156
64,12947,13163.43187
0.001,16301.670778
64,13101,20067.559003
0.001,23606.708031
64,13239,30326.495371
0.001,34412.365623
64,13020,42106.631465
0.001,46778.275009
64,12832,57099.760483
0.001,62561.141421
64,12957,74474.697759
0.001,80402.5952
64,13071,94229.797874
0.001,100665.726865
64,12907,116372.880647
0.001,123437.075872
64,13011,141059.535521
0.001,148888.920447
64,12866,168268.619184
0.001,176909.167075
64,12963,198067.228786
0.001,207285.933556
64,13053,229975.022194
0.001,239684.053488
64,12922,264371.32863
0.001,274681.452751
64,13006,300151.99357
0.001,310873.581333
64,12887,339213.97144
0.001,350803.827839
64,12966,380627.724921
0.001,392845.103151
64,13041,424567.231855
0.001,437281.751252
8,0,10282.367795
0.001,12498.578078
8,4458,10016.682831
0.001,10888.281463
8,4666,10007.728788
0.001,10750.617655
8,4548,10012.93243
0.001,10886.649135
8,4937,9963.97196
0.001,10805.738054
8,4860,9911.131154
0.001,10762.10465
8,4705,10040.972569
0.001,10858.827084
8,4837,9995.41168
0.001,10861.148711
8,4708,10041.9663
0.001,10840.110235
8,4628,9971.535729
0.001,10757.721106
8,4684,10015.898163
0.001,10766.728188
8,4616,10115.607475
0.001,11008.039342
8,4666,10057.535953
0.001,10911.587925
8,5182,10058.387661
0.001,10824.815155
8,4652,10004.483063
0.001,10793.347864
8,4539,10022.396392
0.001,10816.914976
8,4524,10019.199604
0.001,10745.156453
8,4511,9962.148515
0.001,10852.089487
8,4499,10039.949419
0.001,10888.240722
8,4488,9940.82511
0.001,10785.412653
8,4478,10102.218175
0.001,10845.832489
8,5197,10034.196543
0.001,10773.666275
8,5155,10101.51849
0.001,10971.331321
8,5227,10081.634516
0.001,10935.47318
8,5187,10040.272139
0.001,10898.717201
8,5254,10020.736754
0.001,10807.776387
8,5215,10041.023381
0.001,10790.472043
8,5178,10053.108607
0.001,10882.165456
8,5240,10089.752907
0.001,10948.16673
8,5204,10009.759937
0.001,10849.552984
8,5262,10021.740075
0.001,10844.517671
64,5192,6747.636712
0.001,7324.736077
64,4602,6767.128421
0.001,7332.386308
64,4520,6801.327323
0.001,7363.834408
64,4838,6743.679867
0.001,7308.272916
64,4787,6851.9011
0.001,7498.652744
64,4288,6910.372956
0.001,7517.148823
64,4705,6871.704188
0.001,7423.450406
64,4706,6890.788766
0.001,7461.047185
64,4184,6838.431792
0.001,7439.170565
64,4628,6946.892491
0.001,7509.579546
64,4684,6813.494746
0.001,7411.613874
64,4616,6825.283965
0.001,7466.848707
64,4666,6935.337806
0.001,7510.482255
64,4607,6858.811039
0.001,7472.227647
64,5205,6868.861272
0.001,7445.619176
64,5226,6864.549776
0.001,7430.991599
64,4414,6990.275901
0.001,7502.912318
64,4511,6850.88791
0.001,7468.413015
64,4399,6867.731863
0.001,7456.137388
64,4488,6888.134113
0.001,7438.776431
64,4478,6888.060849
0.001,7446.923974
64,4469,6898.672903
0.001,7495.572861
64,5155,6929.458395
0.001,7448.976991
64,5227,6882.776382
0.001,7448.498936
64,5187,6921.205609
0.001,7567.055961
64,5149,6920.056432
0.001,7515.777698
64,5215,6958.109993
0.001,7550.521375
64,5178,6874.379225
0.001,7436.845201
64,5240,6851.876849
0.001,7408.008808
64,5204,6881.001754
0.001,7474.466252
64,5171,6938.585372
0.001,7508.045642
