8,0,1393.662854
0.001,4317.0432
8,7265,326.95641
0.001,574.320118
8,8743,297.998392
0.001,586.060925
8,9941,297.485016
0.001,574.552827
8,11140,331.301617
0.001,574.652074
8,12339,314.73377
0.001,579.185314
8,13537,353.648662
0.001,585.628077
8,14190,327.92786
0.001,569.898021
8,15934,349.082035
0.001,571.348783
8,17133,343.287081
0.001,593.292871
8,18331,337.511853
0.001,600.940949
8,19530,347.170543
0.001,614.414051
8,20729,131.875871
0.001,584.458537
8,21927,198.577584
0.001,635.823286
8,23126,201.209658
0.001,592.676129
8,24324,231.07035
0.001,610.395623
8,25523,249.494244
0.001,628.118909
8,26721,254.327131
0.001,672.948326
8,27920,241.792053
0.001,589.409488
8,29119,258.4974
0.001,626.079273
8,30317,309.702209
0.001,995.4071
8,31516,331.53825
0.001,970.715904
8,32714,334.466331
0.001,766.043519
8,33913,434.056341
0.001,1045.221608
8,35112,396.032745
0.001,1011.386829
8,36310,482.936141
0.001,1056.633726
8,37509,529.792374
0.001,1084.531376
8,38707,577.553007
0.001,1090.419404
8,39906,807.903438
0.001,1133.507441
8,39582,1233.443056
0.001,2061.152292
8,42303,1712.403265
0.001,2591.503049
64,6875,203.479024
0.001,669.734967
64,7544,269.717538
0.001,685.413104
64,8743,330.696403
0.001,697.599985
64,9941,370.162181
0.001,678.729587
64,10727,969.637006
0.001,1653.075196
64,11457,1871.356505
0.001,3261.519541
64,12137,4598.186966
0.001,6257.613559
64,13211,6645.451958
0.001,9002.951174
64,12947,12085.736438
0.001,15211.87545
64,13101,19944.617873
0.001,23502.205613
64,13239,30200.74076
0.001,34318.969039
64,13020,42872.533092
0.001,47526.308255
64,12832,57824.13089
0.001,63294.993416
64,12957,75376.572197
0.001,81124.127107
64,12793,94329.293046
0.001,101105.803217
64,12907,116577.00676
0.001,123913.46214
64,13011,141160.758607
0.001,148821.746433
64,12866,168296.279966
0.001,176768.487137
64,12963,197901.92218
0.001,206788.406567
8,0,506.524378
0.001,1920.934567
8,7544,239.196032
0.001,545.710776
8,9093,275.489407
0.001,534.810015
8,9941,308.121807
0.001,539.577768
8,11140,329.155389
0.001,568.032191
8,12339,275.817997
0.001,530.233088
8,13537,305.378951
0.001,556.614311
8,15325,294.707355
0.001,545.097813
8,15934,312.400101
0.001,530.073737
8,17133,291.624599
0.001,520.518548
8,19065,233.320804
0.001,529.915978
8,19530,287.153022
0.001,549.609416
8,20729,185.357138
0.001,694.113721
8,21927,170.23496
0.001,652.468946
8,23126,200.869946
0.001,652.980288
8,24324,187.683915
0.001,655.742919
8,25523,209.636951
0.001,631.242399
8,26721,223.062301
0.001,625.072554
8,27920,233.632164
0.001,642.176573
8,29119,309.894661
0.001,977.626285
8,30317,313.519123
0.001,689.84831
8,31516,280.937499
0.001,620.461749
8,31503,353.849801
0.001,979.398736
8,33913,290.802403
0.001,991.815028
8,35112,334.467395
0.001,1002.707533
8,36310,312.102003
0.001,637.948177
8,37509,386.614443
0.001,1032.724761
8,38707,400.784966
0.001,1028.777923
8,39906,744.405034
0.001,1164.831751
8,39582,1221.008729
0.001,2047.718348
8,42303,1741.843828
0.001,2628.228656
64,6875,217.675373
0.001,703.835847
64,7544,260.245625
0.001,667.452434
64,8743,350.393346
0.001,725.249969
64,9941,386.212391
0.001,731.007829
64,10727,1025.662609
0.001,1717.488755
64,11062,3206.33615
0.001,4726.471186
64,13036,4654.898269
0.001,6310.938313
64,13211,7704.618007
0.001,10126.467545
64,12947,13164.44145
0.001,16301.465199
64,13101,21043.714182
0.001,24644.485248
64,13239,31431.97719
0.001,35522.481809
64,13020,44189.464547
0.001,48895.84643
64,12832,59302.27058
0.001,64790.387456
64,12957,76827.361048
0.001,82773.169851
64,13071,96616.39981
0.001,103022.570187
64,12907,118839.593374
0.001,125881.084637
64,13011,143558.835321
0.001,151342.067112
64,12866,170719.279466
0.001,179242.229686
64,12963,200492.633068
0.001,209689.236688
64,13053,231560.120868
0.001,241250.120916
64,12922,265903.023931
0.001,276240.927686
64,13006,302645.351871
0.001,313277.284172
64,12887,341781.902083
0.001,353335.097864
64,12966,383370.942359
0.001,395373.256365
64,13041,427231.863785
0.001,439874.421722
64,12932,473594.128206
0.001,486999.784795
64,13003,522760.38623
0.001,536615.629589
64,13070,573923.82553
0.001,588217.584597
64,12969,626667.169685
0.001,641439.397931
64,13033,682636.992578
0.001,698136.220676
64,12939,740978.493741
0.001,757355.226041
512,2062,752085.453213
0.001,752626.318697
512,1961,750234.718183
0.001,751510.11789
512,1959,752612.814183
0.001,755122.10008
512,1958,759018.649068
0.001,762307.910929
512,1956,769227.825392
0.001,773839.439564
512,1955,783775.817301
0.001,789231.878996
512,1955,801994.30595
0.001,808463.853391
512,1954,824266.046692
0.001,831749.715004
512,1953,850370.039562
0.001,858931.744772
512,1953,880789.55461
0.001,890006.57529
512,1952,914992.424795
0.001,925487.133723
512,1952,953305.000065
0.001,964657.463095
512,1952,995913.743119
0.001,1008136.963078
512,1951,1042285.219232
0.001,1055552.307285
512,1951,1092730.002446
0.001,1107021.126424
512,1951,1147190.512273
0.001,1162725.533523
512,1951,1205774.422731
0.001,1221950.510909
512,1951,1268044.88935
0.001,1285378.117729
512,1950,1334538.553704
0.001,1352702.793165
512,1930,1405286.688115
0.001,1424922.350333
512,1950,1480005.93595
0.001,1500539.155442
512,1950,1558712.762566
0.001,1580292.810321
512,1950,1641395.117007
0.001,1663895.495941
512,1950,1727993.710369
0.001,1751290.430624
512,1933,1818762.34262
0.001,1843158.242253
512,1950,1913349.05195
0.001,1938876.735126
512,1949,2011685.801586
0.001,2037904.175407
512,1949,2113855.934519
0.001,2141021.608756
512,1935,2219409.183095
0.001,2247872.070067
512,1949,2329906.182373
0.001,2359289.366189
512,1949,2444449.569363
0.001,2475046.505052
4096,32065,2324755.107468
0.001,2329558.625667
4096,35178,2299596.676313
0.001,2304396.048333
4096,38291,2274514.253634
0.001,2279285.258247
4096,41404,2249460.716216
0.001,2254206.843316
4096,44517,2223644.074933
0.001,2228388.7158
4096,47630,2198777.401095
0.001,2203500.42524
4096,50743,2173974.872054
0.001,2178690.490976
4096,53856,2149243.516469
0.001,2153936.315149
4096,56969,2124602.177976
0.001,2129270.031352
4096,60082,2099994.482185
0.001,2104658.068094
4096,63195,2075496.078786
0.001,2080143.092433
4096,66308,2051096.527763
0.001,2055707.907053
4096,69421,2026555.635676
0.001,2031166.747987
4096,36267,2002291.380155
0.001,2006857.455406
4096,37823,1978060.589357
0.001,1982605.172112
4096,39380,1953932.282352
0.001,1958483.950836
4096,40936,1928938.286999
0.001,1933467.710821
4096,42493,1903920.815313
0.001,1908428.353322
4096,44049,1879236.492227
0.001,1883708.506718
4096,45606,1855334.816091
0.001,1859779.224747
4096,47162,1831515.657605
0.001,1835948.708835
4096,48719,1807570.736908
0.001,1811993.257564
4096,50275,1783929.033578
0.001,1788335.696667
4096,51832,1760319.348364
0.001,1764718.375538
4096,53388,1736085.713459
0.001,1740461.170863
4096,36630,1712545.036478
0.001,1716909.962518
32678,4114,1484061.253753
0.001,1488882.361906
32678,4730,1432890.064904
0.001,1437690.644785
32678,5038,1407845.257525
0.001,1412634.288358
32678,5346,1382807.06693
0.001,1387576.297598
32678,5654,1356757.811859
0.001,1361515.805829
32678,5962,1331820.577742
0.001,1336572.740645
32678,6270,1306950.187323
0.001,1311686.239471
32678,6578,1282163.366408
0.001,1286879.463925
32678,6886,1257399.645971
0.001,1262113.469113
32678,7194,1232737.206675
0.001,1237417.62162
32678,7502,1208134.530003
0.001,1212814.827092
32678,7810,1183591.406083
0.001,1188249.89566
32678,8118,1158227.663676
0.001,1162889.979821
32678,8426,1133825.204547
0.001,1138471.179092
32678,8734,1109468.608341
0.001,1114088.672766
32678,9042,1084307.545861
0.001,1088910.452486
32678,9350,1060104.771221
0.001,1064703.346617
32678,4829,1035919.913329
0.001,1040498.27582
32678,4983,1011772.18824
0.001,1016349.931153
32678,5137,987697.015988
0.001,992257.840794
32678,5291,963636.950378
0.001,968191.771592
32678,5445,939686.054102
0.001,944225.430986
