8,0,24.063795
0.001,79.135235
8,5306,19.788935
0.001,64.712942
8,15649,20.403228
0.001,63.587165
8,10118,18.821209
0.001,63.587165
8,9188,16.040265
0.001,42.371152
8,10173,18.518505
0.001,62.064476
8,10920,19.215034
0.001,46.238076
8,12680,14.757928
0.001,35.952174
8,13615,15.664974
0.001,46.064456
8,14323,18.36497
0.001,53.458551
8,15022,14.78976
0.001,41.274429
8,16091,16.749689
0.001,72.266867
8,17313,18.486194
0.001,42.821176
8,18377,18.459331
0.001,42.274589
8,18921,16.683032
0.001,61.258279
8,50840,17.761037
0.001,63.149661
8,21939,17.663331
0.001,60.81618
8,23557,16.593971
0.001,48.379094
8,37432,22.606112
0.001,82.888019
8,26508,19.466883
0.001,66.320879
8,27801,17.18431
0.001,55.823669
8,27114,19.696457
0.001,63.075951
8,28651,16.912827
0.001,49.710977
8,30865,19.933469
0.001,51.624135
8,29679,18.532797
0.001,51.072011
8,30569,20.127308
0.001,81.823949
8,31812,23.096323
0.001,100.751273
8,32847,20.502267
0.001,56.654167
64,4678,18.082677
0.001,50.484025
64,5708,13.525313
0.001,34.309604
64,6571,17.628072
0.001,47.480411
64,7737,12.968909
0.001,30.926042
64,8608,12.854951
0.001,28.51741
64,15162,16.022755
0.001,78.111546
64,11495,12.970364
0.001,39.674834
64,11931,13.727542
0.001,40.949686
64,13227,16.135124
0.001,43.898852
64,14652,18.525719
0.001,48.802557
64,15317,14.879685
0.001,54.564775
64,16040,14.101345
0.001,40.502084
64,16107,12.998139
0.001,33.816847
64,17014,15.020456
0.001,52.069727
64,19934,15.297302
0.001,42.102002
64,20494,19.136356
0.001,53.729714
64,20812,15.265542
0.001,52.026797
64,21472,16.459677
0.001,47.335224
64,23624,21.385892
0.001,94.356039
64,23991,15.394588
0.001,80.530253
64,24630,16.07003
0.001,46.473594
64,25515,17.051487
0.001,73.754482
64,26222,16.845095
0.001,50.559533
64,28616,17.137319
0.001,51.147959
64,28165,18.683438
0.001,75.886352
64,30056,17.752514
0.001,71.691097
64,31285,16.024572
0.001,54.14091
64,31056,20.062434
0.001,70.843308
64,32456,21.72772
0.001,60.860612
64,31964,16.165278
0.001,58.035285
512,1419,16.63919
0.001,33.960748
512,1672,15.223526
0.001,29.236904
512,5994,13.659402
0.001,28.132209
512,2925,14.445346
0.001,27.782442
512,3214,17.032873
0.001,41.071897
512,3556,16.107255
0.001,32.161929
512,3312,17.837921
0.001,37.672001
512,10118,14.680705
0.001,32.332424
512,4539,14.281991
0.001,27.510514
512,4507,16.573917
0.001,53.037382
512,4737,14.391641
0.001,27.724595
512,5094,14.365146
0.001,32.050153
512,5369,16.078402
0.001,36.830473
512,5644,16.433148
0.001,31.695839
512,5395,18.946055
0.001,43.832451
512,5796,19.584285
0.001,46.771641
512,6424,15.624209
0.001,38.090597
512,6606,16.057058
0.001,30.156439
512,6623,16.240539
0.001,32.137517
512,6870,16.153157
0.001,35.505074
512,7670,16.22528
0.001,39.059582
512,7914,17.777557
0.001,38.215056
512,20699,15.511792
0.001,29.010444
512,21334,18.169412
0.001,38.156659
512,9195,17.758153
0.001,37.204376
4096,618,18.477045
0.001,33.48445
4096,676,17.911773
0.001,31.2133
4096,772,19.083043
0.001,32.073981
4096,774,17.14302
0.001,32.073981
4096,604,13.581503
0.001,23.669513
4096,2663,16.021736
0.001,29.543185
4096,2968,15.471702
0.001,34.15903
4096,1393,18.094473
0.001,40.319147
4096,1481,20.061365
0.001,49.165486
4096,1655,17.285465
0.001,34.240097
4096,1757,18.449073
0.001,48.877686
4096,1711,17.457047
0.001,40.653298
4096,1955,20.094597
0.001,47.739765
4096,1667,17.355626
0.001,30.708326
4096,2087,16.659648
0.001,36.1328
4096,1755,14.751461
0.001,28.305791
4096,2074,16.672023
0.001,37.476755
4096,5762,16.482183
0.001,40.921405
4096,2647,18.233692
0.001,42.546756
4096,2494,17.466569
0.001,45.082028
4096,6626,18.313502
0.001,36.76943
4096,7609,16.280926
0.001,36.911496
4096,3289,17.995678
0.001,42.402817
4096,4742,19.870199
0.001,73.214073
32678,63,12.003583
0.001,21.873142
32678,72,18.334243
0.001,26.829823
32678,87,21.448263
0.001,34.515381
32678,99,21.490751
0.001,30.716666
32678,106,20.750281
0.001,34.093604
32678,118,20.968068
0.001,35.073581
32678,129,19.585255
0.001,35.274881
32678,135,21.602226
0.001,33.309248
32678,152,23.596175
0.001,43.419419
32678,163,21.416428
0.001,31.91389
32678,181,23.279016
0.001,39.749411
32678,186,25.791825
0.001,45.086716
32678,198,23.392308
0.001,41.091368
32678,217,28.372324
0.001,45.780746
32678,220,21.034717
0.001,34.782244
32678,241,27.159984
0.001,59.282
32678,253,26.990986
0.001,51.326353
32678,255,22.885947
0.001,32.202681
32678,266,19.096936
0.001,28.335688
32678,277,22.545402
0.001,41.034139
32678,300,23.5681
0.001,33.752532
32678,300,22.016677
0.001,36.283573
32678,312,21.048133
0.001,39.002205
32678,323,23.635727
0.001,39.230771
32678,334,26.223965
0.001,61.790182
32678,346,25.271617
0.001,47.93618
32678,357,27.160012
0.001,65.936501
32678,383,25.374425
0.001,43.726928
32678,395,28.309127
0.001,54.111419
32678,391,26.918622
0.001,58.139234
32678,403,29.250223
0.001,56.961546
