8,0,335.001576
0.001,609.641863
8,7265,302.61035
0.001,578.576151
8,9093,292.417878
0.001,579.994278
8,9941,317.06956
0.001,581.411356
8,10727,261.756836
0.001,578.516939
8,12339,343.613688
0.001,591.38566
8,13537,311.666662
0.001,580.275396
8,14736,371.430948
0.001,593.982332
8,15934,374.300748
0.001,644.84556
8,17133,296.580321
0.001,581.969265
8,18331,338.968404
0.001,593.49185
8,19530,319.872036
0.001,600.959641
8,20729,170.754193
0.001,632.078617
8,21927,165.048946
0.001,596.637608
8,23126,201.593693
0.001,610.358781
8,24324,260.94499
0.001,697.747827
8,25523,294.167248
0.001,999.451376
8,26721,252.272844
0.001,633.881073
8,27920,267.872233
0.001,965.129388
8,29119,303.917073
0.001,973.314769
8,30317,304.817003
0.001,694.795286
8,31516,294.879176
0.001,677.879048
8,32714,308.755186
0.001,660.177183
8,33913,418.805763
0.001,1047.442775
8,33811,422.691236
0.001,1012.883653
8,36310,436.624298
0.001,1039.78278
8,37509,550.239931
0.001,1084.95067
8,38707,655.434322
0.001,1072.357522
8,39906,729.64284
0.001,1125.514318
8,39582,1254.97312
0.001,2073.179027
8,42303,1771.187877
0.001,2630.689219
64,6875,238.165791
0.001,707.967407
64,7544,266.046217
0.001,653.933044
64,8743,339.52628
0.001,683.098704
64,9941,342.85445
0.001,687.537249
64,10727,937.708554
0.001,1679.76188
64,11457,2770.000613
0.001,3757.778235
64,12570,4647.581755
0.001,6302.72789
64,13211,7649.277462
0.001,9975.425315
64,12947,13149.873887
0.001,16234.434797
64,13101,20098.122973
0.001,23661.553619
64,13239,30402.832556
0.001,34451.054286
64,13020,43052.633693
0.001,47697.120919
64,13145,57996.548227
0.001,63437.553121
64,12957,75415.287091
0.001,81225.540746
64,13071,95085.377879
0.001,101532.670965
64,12907,117364.69835
0.001,124453.301732
64,13011,142034.679509
0.001,149804.396019
64,12866,169111.373231
0.001,177718.499153
64,12963,199024.14167
0.001,208228.439871
64,13053,230946.179266
0.001,240647.230052
64,12922,265329.302357
0.001,275605.382029
64,13006,301872.436715
0.001,312464.502308
64,12887,340794.027692
0.001,352370.745132
64,12966,382235.38156
0.001,394309.02753
64,13041,426059.679072
0.001,438761.668661
64,13112,472285.715247
0.001,485278.344416
64,13003,520991.297132
0.001,534884.726689
64,13070,572101.168007
0.001,586326.27289
64,12969,625546.516341
0.001,640442.121619
64,13033,681384.744677
0.001,696958.916889
64,12939,739588.96523
0.001,756035.809485
512,2062,750659.212997
0.001,751252.978694
512,1961,747820.479451
0.001,749209.060041
512,1959,749291.054427
0.001,751876.448464
512,1958,755662.381345
0.001,759057.216172
512,1956,766099.701945
0.001,770825.601241
512,1955,780597.637475
0.001,786037.076769
512,1955,798908.400126
0.001,805336.519011
512,1954,821187.989554
0.001,828636.10272
512,1953,847410.206761
0.001,855910.606495
512,1953,877645.845725
0.001,886843.624556
512,1921,912198.063455
0.001,922850.876842
512,1952,950725.383572
0.001,962167.80203
512,1952,993272.909467
0.001,1005413.289487
512,1951,1039338.79761
0.001,1052672.832859
512,1951,1089843.51626
0.001,1104237.372483
512,1951,1144181.040256
0.001,1159820.576233
512,1951,1202682.894057
0.001,1218858.24786
512,1951,1265004.403481
0.001,1282380.010626
512,1950,1331402.963346
0.001,1349628.47714
512,1930,1401805.391148
0.001,1421422.895807
512,1950,1476417.372814
0.001,1496929.158248
512,1950,1555120.091946
0.001,1576665.427111
512,1932,1637980.575817
0.001,1660599.230099
512,1950,1724701.344021
0.001,1748057.856054
512,1933,1815685.487133
0.001,1839945.851591
512,1950,1910104.424171
0.001,1935588.950809
512,1949,2008303.636607
0.001,2034628.378048
512,1949,2109684.916349
0.001,2136844.311392
512,1935,2216091.452955
0.001,2244730.094607
512,1949,2326668.080048
0.001,2356010.010967
512,1949,2440909.488965
0.001,2471477.422639
4096,28952,2349330.418341
0.001,2354156.487957
4096,35178,2298986.830344
0.001,2303792.432584
4096,38291,2273836.106428
0.001,2278622.854042
4096,41404,2248693.046576
0.001,2253453.279967
4096,44517,2223371.723842
0.001,2228107.816089
4096,47630,2197627.819545
0.001,2202352.690973
4096,50743,2172629.422305
0.001,2177334.973281
4096,53856,2146845.631122
0.001,2151486.381077
4096,56969,2121847.025653
0.001,2126498.182015
4096,60082,2096473.099034
0.001,2101094.063854
4096,63195,2071627.80512
0.001,2076244.121801
4096,66308,2046149.058569
0.001,2050738.023452
4096,69421,2021695.42783
0.001,2026264.329049
4096,36267,1996563.742934
0.001,2001125.116435
4096,37823,1972268.316642
0.001,1976805.949067
4096,39380,1946498.307755
0.001,1951038.111458
4096,40936,1921938.876767
0.001,1926479.785859
4096,42493,1897746.882425
0.001,1902251.33442
4096,44049,1873522.587089
0.001,1877984.31317
4096,45606,1848802.420532
0.001,1853254.828916
4096,47162,1824625.914816
0.001,1829116.505897
4096,48719,1800605.045362
0.001,1805017.605204
4096,50275,1775399.393283
0.001,1779801.999264
4096,51832,1751419.026143
0.001,1755812.870388
4096,35592,1727306.847357
0.001,1731695.718338
4096,36630,1703369.954237
0.001,1707720.495218
32678,4114,1473889.524348
0.001,1478698.337878
32678,4422,1448611.098539
0.001,1453407.379248
32678,4730,1423428.71269
0.001,1428209.399376
32678,5038,1398305.39824
0.001,1403075.140648
32678,5346,1373283.422784
0.001,1378050.759528
32678,5654,1348290.4347
0.001,1353036.283565
32678,5962,1323411.089393
0.001,1328142.461492
32678,6270,1298598.01051
0.001,1303321.096641
32678,6578,1272990.234357
0.001,1277695.938303
32678,6886,1248332.677004
0.001,1253013.998489
32678,7194,1223710.141436
0.001,1228395.210691
32678,7502,1199119.45928
0.001,1203788.129191
32678,7810,1174540.792358
0.001,1179197.582714
32678,8118,1149214.926575
0.001,1153850.4052
32678,8426,1124774.65282
0.001,1129385.855831
32678,8734,1100442.542202
0.001,1105056.7204
32678,9042,1076170.733839
0.001,1080785.642451
32678,9350,1051931.06113
0.001,1056526.413202
32678,4829,1025971.662558
0.001,1030551.711049
32678,4983,1001893.769636
0.001,1006453.627213
32678,5137,977639.27956
0.001,982187.651025
32678,5291,953676.448419
0.001,958222.814076
32678,5445,928974.60167
0.001,933473.722102
8,0,9986.365686
0.001,10892.442653
8,4602,10192.224125
0.001,10949.467155
8,4666,10176.159174
0.001,10987.604551
8,4548,10196.631064
0.001,11030.03831
8,4937,10211.55317
0.001,11018.161988
8,4860,10175.008321
0.001,10906.616066
8,4848,10102.836746
0.001,10906.068818
8,4706,10252.350113
0.001,10974.616571
8,4184,10124.04736
0.001,11000.441238
8,4628,10163.288238
0.001,11026.566944
8,4684,10118.277677
0.001,10846.19687
8,4616,10123.952839
0.001,10935.32955
8,4666,10136.981015
0.001,10926.349403
8,4711,10193.338323
0.001,11010.713317
8,4555,10177.856081
0.001,10976.889745
8,5226,10173.576649
0.001,10926.331563
8,4524,10137.283457
0.001,11096.227792
8,4511,10180.50529
0.001,10891.903485
8,4499,10251.895506
0.001,11052.569676
8,4488,10187.387753
0.001,10981.900746
8,4478,10175.168673
0.001,10992.493343
8,4469,10176.523872
0.001,10931.074015
8,4461,10201.120361
0.001,10987.963804
8,5227,10228.551647
0.001,11083.387164
8,5187,10259.219198
0.001,10991.596037
8,5254,10156.58543
0.001,10959.307368
8,5215,10098.676726
0.001,10849.905747
8,5178,10191.636101
0.001,10958.201651
8,5240,10163.290583
0.001,10946.009488
8,5299,10064.281388
0.001,10892.627552
8,5262,10198.846576
0.001,11100.748592
64,5192,6870.467152
0.001,7464.734874
64,4602,6843.234417
0.001,7429.344216
64,4520,6791.14317
0.001,7454.532934
64,4548,6892.550008
0.001,7441.975454
64,4787,6883.013625
0.001,7447.938818
64,4418,6861.527537
0.001,7412.428626
64,4705,6846.926382
0.001,7507.899657
64,4706,6905.090493
0.001,7449.66035
64,5231,6885.906838
0.001,7498.891872
64,4628,6848.635825
0.001,7386.65419
64,4684,6914.380767
0.001,7440.416865
64,4616,6874.520214
0.001,7498.106876
64,4666,6888.803717
0.001,7491.655212
64,5182,6897.265348
0.001,7435.057504
64,5205,6887.577426
0.001,7504.425722
64,5226,6814.927081
0.001,7446.492458
64,4524,6856.727346
0.001,7391.409741
64,4406,6893.940733
0.001,7478.950727
64,4499,6856.955431
0.001,7405.325392
64,4488,6867.001845
0.001,7443.999534
64,4478,6858.461895
0.001,7422.817932
64,5197,6847.829264
0.001,7458.450516
64,5155,6888.162709
0.001,7484.45117
64,5227,6923.031312
0.001,7470.514792
64,5187,6919.157993
0.001,7503.53081
64,5149,6914.09425
0.001,7453.938562
64,5215,6846.429562
0.001,7554.606354
64,5178,6900.710485
0.001,7516.858643
64,5240,6879.190228
0.001,7501.833134
64,5204,6844.46769
0.001,7474.561604
64,5171,6922.992579
0.001,7532.743919
512,2171,175.422684
0.001,350.573957
512,1886,226.088516
0.001,401.616662
512,2185,251.747553
0.001,458.644853
512,2485,281.711487
0.001,525.39038
512,2784,316.305099
0.001,602.512169
512,3084,359.160327
0.001,679.429582
512,3383,377.836585
0.001,782.974532
512,3683,401.44
0.001,771.929745
512,3835,473.5877
0.001,990.325717
512,4123,647.412011
0.001,1270.70031
512,4107,1350.863346
0.001,2413.871281
512,4532,2972.180486
0.001,3330.278117
512,4645,2907.133965
0.001,3298.330914
512,4466,2998.105439
0.001,3298.197529
512,4239,3097.162468
0.001,3334.50238
512,4311,3028.457302
0.001,3290.135437
512,4523,3070.120455
0.001,3308.332447
512,4209,3060.065488
0.001,3334.11517
512,4398,3061.982447
0.001,3319.48867
512,4439,3086.433932
0.001,3300.219366
512,4477,3069.154255
0.001,3340.215927
512,4344,3044.108757
0.001,3286.820692
512,4363,3054.084306
0.001,3337.270403
512,4382,3083.183382
0.001,3366.715447
512,4399,3091.567614
0.001,3382.359362
512,4416,3046.609235
0.001,3311.712331
512,4700,3097.494604
0.001,3389.239116
512,4425,3059.487303
0.001,3351.173478
512,4420,3095.565287
0.001,3375.445528
512,4414,3063.537823
0.001,3302.052215
512,4410,3101.321482
0.001,3323.530706
4096,717,95.271036
0.001,187.069166
4096,726,113.462441
0.001,220.017981
4096,874,131.986015
0.001,262.439144
4096,993,136.486851
0.001,303.836696
4096,1113,159.564431
0.001,317.174131
4096,1233,163.309843
0.001,338.494919
4096,1353,182.281358
0.001,372.722142
4096,1472,195.879451
0.001,391.004168
4096,1592,228.386654
0.001,410.055112
4096,1712,220.077366
0.001,433.040937
4096,1764,257.811159
0.001,549.4886
4096,1951,271.873942
0.001,502.27735
4096,2071,274.15774
0.001,504.585021
4096,2109,292.900822
0.001,544.733928
4096,2310,312.51064
0.001,558.997211
4096,2430,314.188693
0.001,561.305007
4096,2550,326.009015
0.001,597.05081
4096,2670,337.426709
0.001,607.862008
4096,2789,357.188647
0.001,633.418057
4096,2909,362.624605
0.001,652.729383
4096,3029,361.554609
0.001,624.284195
4096,3148,370.942303
0.001,625.094309
4096,3268,384.92816
0.001,634.476929
4096,3388,382.951077
0.001,628.634089
4096,3378,389.676483
0.001,627.418254
4096,3493,466.795223
0.001,644.566605
4096,3479,528.513761
0.001,636.160416
4096,3591,520.760738
0.001,659.737083
4096,3574,553.314365
0.001,757.884668
4096,3559,538.759738
0.001,625.323274
4096,3444,542.756113
0.001,743.31646
32678,66,13.791755
0.001,32.630873
32678,75,21.630623
0.001,59.229106
32678,90,20.817157
0.001,35.582361
32678,99,18.082657
0.001,32.587124
32678,110,19.392021
0.001,33.968927
32678,122,23.871848
0.001,69.632384
32678,134,24.993637
0.001,60.842524
32678,146,27.549204
0.001,71.993531
32678,158,27.844191
0.001,54.868954
32678,170,26.299492
0.001,43.611268
32678,181,32.148207
0.001,86.643907
32678,193,30.924334
0.001,64.395954
32678,205,32.699189
0.001,59.868615
32678,217,33.194452
0.001,59.873925
32678,229,34.62193
0.001,63.93575
32678,241,37.11154
0.001,63.007237
32678,253,36.74014
0.001,76.137841
32678,264,56.08277
0.001,110.058102
32678,276,40.845885
0.001,86.730806
32678,288,41.894267
0.001,74.983322
32678,300,49.320142
0.001,111.604341
32678,312,46.502344
0.001,99.713376
32678,324,44.686229
0.001,83.267824
32678,335,46.366474
0.001,84.750161
32678,347,55.146944
0.001,149.024525
32678,359,58.281965
0.001,113.74261
32678,371,57.204621
0.001,104.562527
32678,383,57.914173
0.001,125.243546
32678,395,63.528028
0.001,121.062567
32678,407,53.824226
0.001,119.3433
32678,418,63.781594
0.001,114.371719
